Time (s)	Position (m)
0.000000	0.999976
0.010000	0.999928
0.020000	0.999856
0.030000	0.999761
0.040000	0.999642
0.050000	0.999499
0.060000	0.999333
0.070000	0.999144
0.080000	0.998932
0.090000	0.998696
0.100000	0.998437
0.110000	0.998156
0.120000	0.997851
0.130000	0.997524
0.140000	0.997174
0.150000	0.996802
0.160000	0.996407
0.170000	0.995990
0.180000	0.995551
0.190000	0.995090
0.200000	0.994606
0.210000	0.994101
0.220000	0.993573
0.230000	0.993024
0.240000	0.992454
0.250000	0.991862
0.260000	0.991248
0.270000	0.990613
0.280000	0.989957
0.290000	0.989279
0.300000	0.988581
0.310000	0.987862
0.320000	0.987122
0.330000	0.986361
0.340000	0.985579
0.350000	0.984777
0.360000	0.983955
0.370000	0.983112
0.380000	0.982249
0.390000	0.981366
0.400000	0.980463
0.410000	0.979540
0.420000	0.978597
0.430000	0.977635
0.440000	0.976652
0.450000	0.975651
0.460000	0.974630
0.470000	0.973589
0.480000	0.972530
0.490000	0.971451
0.500000	0.970353
0.510000	0.969237
0.520000	0.968101
0.530000	0.966947
0.540000	0.965774
0.550000	0.964583
0.560000	0.963374
0.570000	0.962146
0.580000	0.960900
0.590000	0.959636
0.600000	0.958354
0.610000	0.957054
0.620000	0.955736
0.630000	0.954401
0.640000	0.953048
0.650000	0.951677
0.660000	0.950289
0.670000	0.948884
0.680000	0.947462
0.690000	0.946023
0.700000	0.944567
0.710000	0.943094
0.720000	0.941604
0.730000	0.940098
0.740000	0.938575
0.750000	0.937035
0.760000	0.935480
0.770000	0.933908
0.780000	0.932320
0.790000	0.930716
0.800000	0.929096
0.810000	0.927460
0.820000	0.925808
0.830000	0.924141
0.840000	0.922458
0.850000	0.920760
0.860000	0.919047
0.870000	0.917318
0.880000	0.915575
0.890000	0.913816
0.900000	0.912042
0.910000	0.910254
0.920000	0.908451
0.930000	0.906633
0.940000	0.904801
0.950000	0.902955
0.960000	0.901094
0.970000	0.899219
0.980000	0.897330
0.990000	0.895427
1.000000	0.893510
1.010000	0.891579
1.020000	0.889635
1.030000	0.887677
1.040000	0.885705
1.050000	0.883721
1.060000	0.881722
1.070000	0.879711
1.080000	0.877687
1.090000	0.875650
1.100000	0.873599
1.110000	0.871537
1.120000	0.869461
1.130000	0.867373
1.140000	0.865272
1.150000	0.863159
1.160000	0.861034
1.170000	0.858897
1.180000	0.856747
1.190000	0.854586
1.200000	0.852412
1.210000	0.850227
1.220000	0.848031
1.230000	0.845822
1.240000	0.843603
1.250000	0.841371
1.260000	0.839129
1.270000	0.836876
1.280000	0.834611
1.290000	0.832335
1.300000	0.830049
1.310000	0.827752
1.320000	0.825444
1.330000	0.823125
1.340000	0.820796
1.350000	0.818457
1.360000	0.816107
1.370000	0.813747
1.380000	0.811377
1.390000	0.808997
1.400000	0.806608
1.410000	0.804208
1.420000	0.801799
1.430000	0.799380
1.440000	0.796951
1.450000	0.794513
1.460000	0.792066
1.470000	0.789610
1.480000	0.787144
1.490000	0.784670
1.500000	0.782186
1.510000	0.779694
1.520000	0.777193
1.530000	0.774683
1.540000	0.772165
1.550000	0.769638
1.560000	0.767103
1.570000	0.764560
1.580000	0.762008
1.590000	0.759449
1.600000	0.756881
1.610000	0.754306
1.620000	0.751722
1.630000	0.749131
1.640000	0.746533
1.650000	0.743926
1.660000	0.741313
1.670000	0.738692
1.680000	0.736064
1.690000	0.733429
1.700000	0.730786
1.710000	0.728137
1.720000	0.725481
1.730000	0.722818
1.740000	0.720148
1.750000	0.717472
1.760000	0.714789
1.770000	0.712100
1.780000	0.709404
1.790000	0.706702
1.800000	0.703994
1.810000	0.701280
1.820000	0.698560
1.830000	0.695834
1.840000	0.693102
1.850000	0.690365
1.860000	0.687622
1.870000	0.684874
1.880000	0.682120
1.890000	0.679360
1.900000	0.676596
1.910000	0.673826
1.920000	0.671051
1.930000	0.668271
1.940000	0.665486
1.950000	0.662697
1.960000	0.659902
1.970000	0.657103
1.980000	0.654299
1.990000	0.651491
2.000000	0.648679
2.010000	0.645862
2.020000	0.643041
2.030000	0.640216
2.040000	0.637386
2.050000	0.634553
2.060000	0.631716
2.070000	0.628875
2.080000	0.626030
2.090000	0.623182
2.100000	0.620330
2.110000	0.617475
2.120000	0.614616
2.130000	0.611754
2.140000	0.608888
2.150000	0.606020
2.160000	0.603148
2.170000	0.600274
2.180000	0.597396
2.190000	0.594516
2.200000	0.591633
2.210000	0.588747
2.220000	0.585859
2.230000	0.582968
2.240000	0.580075
2.250000	0.577179
2.260000	0.574282
2.270000	0.571382
2.280000	0.568479
2.290000	0.565575
2.300000	0.562669
2.310000	0.559761
2.320000	0.556851
2.330000	0.553940
2.340000	0.551027
2.350000	0.548112
2.360000	0.545196
2.370000	0.542278
2.380000	0.539359
2.390000	0.536439
2.400000	0.533517
2.410000	0.530594
2.420000	0.527671
2.430000	0.524746
2.440000	0.521821
2.450000	0.518894
2.460000	0.515967
2.470000	0.513040
2.480000	0.510111
2.490000	0.507182
2.500000	0.504253
2.510000	0.501323
2.520000	0.498393
2.530000	0.495463
2.540000	0.492532
2.550000	0.489602
2.560000	0.486671
2.570000	0.483741
2.580000	0.480810
2.590000	0.477880
2.600000	0.474950
2.610000	0.472020
2.620000	0.469091
2.630000	0.466162
2.640000	0.463234
2.650000	0.460306
2.660000	0.457379
2.670000	0.454453
2.680000	0.451527
2.690000	0.448603
2.700000	0.445679
2.710000	0.442756
2.720000	0.439835
2.730000	0.436914
2.740000	0.433995
2.750000	0.431077
2.760000	0.428160
2.770000	0.425245
2.780000	0.422331
2.790000	0.419419
2.800000	0.416508
2.810000	0.413599
2.820000	0.410691
2.830000	0.407786
2.840000	0.404882
2.850000	0.401980
2.860000	0.399080
2.870000	0.396182
2.880000	0.393286
2.890000	0.390392
2.900000	0.387501
2.910000	0.384612
2.920000	0.381725
2.930000	0.378840
2.940000	0.375958
2.950000	0.373079
2.960000	0.370201
2.970000	0.367327
2.980000	0.364455
2.990000	0.361586
3.000000	0.358720
3.010000	0.355857
3.020000	0.352997
3.030000	0.350139
3.040000	0.347285
3.050000	0.344433
3.060000	0.341585
3.070000	0.338740
3.080000	0.335899
3.090000	0.333060
3.100000	0.330225
3.110000	0.327393
3.120000	0.324565
3.130000	0.321741
3.140000	0.318919
3.150000	0.316102
3.160000	0.313288
3.170000	0.310478
3.180000	0.307672
3.190000	0.304870
3.200000	0.302071
3.210000	0.299276
3.220000	0.296486
3.230000	0.293699
3.240000	0.290917
3.250000	0.288139
3.260000	0.285365
3.270000	0.282595
3.280000	0.279829
3.290000	0.277068
3.300000	0.274311
3.310000	0.271559
3.320000	0.268811
3.330000	0.266068
3.340000	0.263329
3.350000	0.260595
3.360000	0.257865
3.370000	0.255141
3.380000	0.252421
3.390000	0.249706
3.400000	0.246995
3.410000	0.244290
3.420000	0.241590
3.430000	0.238894
3.440000	0.236204
3.450000	0.233519
3.460000	0.230839
3.470000	0.228164
3.480000	0.225494
3.490000	0.222830
3.500000	0.220171
3.510000	0.217517
3.520000	0.214869
3.530000	0.212226
3.540000	0.209588
3.550000	0.206956
3.560000	0.204330
3.570000	0.201709
3.580000	0.199094
3.590000	0.196485
3.600000	0.193881
3.610000	0.191283
3.620000	0.188691
3.630000	0.186105
3.640000	0.183524
3.650000	0.180950
3.660000	0.178381
3.670000	0.175819
3.680000	0.173262
3.690000	0.170712
3.700000	0.168167
3.710000	0.165629
3.720000	0.163097
3.730000	0.160571
3.740000	0.158052
3.750000	0.155538
3.760000	0.153031
3.770000	0.150531
3.780000	0.148037
3.790000	0.145549
3.800000	0.143068
3.810000	0.140593
3.820000	0.138124
3.830000	0.135663
3.840000	0.133207
3.850000	0.130759
3.860000	0.128317
3.870000	0.125882
3.880000	0.123453
3.890000	0.121032
3.900000	0.118617
3.910000	0.116208
3.920000	0.113807
3.930000	0.111413
3.940000	0.109025
3.950000	0.106645
3.960000	0.104271
3.970000	0.101904
3.980000	0.099545
3.990000	0.097192
4.000000	0.094847
4.010000	0.092508
4.020000	0.090177
4.030000	0.087853
4.040000	0.085536
4.050000	0.083226
4.060000	0.080924
4.070000	0.078629
4.080000	0.076341
4.090000	0.074060
4.100000	0.071787
4.110000	0.069521
4.120000	0.067263
4.130000	0.065012
4.140000	0.062768
4.150000	0.060532
4.160000	0.058304
4.170000	0.056082
4.180000	0.053869
4.190000	0.051663
4.200000	0.049464
4.210000	0.047274
4.220000	0.045090
4.230000	0.042915
4.240000	0.040747
4.250000	0.038587
4.260000	0.036434
4.270000	0.034290
4.280000	0.032153
4.290000	0.030024
4.300000	0.027902
4.310000	0.025789
4.320000	0.023683
4.330000	0.021585
4.340000	0.019495
4.350000	0.017413
4.360000	0.015339
4.370000	0.013272
4.380000	0.011214
4.390000	0.009164
4.400000	0.007121
4.410000	0.005087
4.420000	0.003060
4.430000	0.001042
4.440000	-0.000968
4.450000	-0.002970
4.460000	-0.004965
4.470000	-0.006951
4.480000	-0.008929
4.490000	-0.010898
4.500000	-0.012860
4.510000	-0.014814
4.520000	-0.016759
4.530000	-0.018696
4.540000	-0.020625
4.550000	-0.022546
4.560000	-0.024458
4.570000	-0.026363
4.580000	-0.028259
4.590000	-0.030147
4.600000	-0.032026
4.610000	-0.033897
4.620000	-0.035760
4.630000	-0.037615
4.640000	-0.039461
4.650000	-0.041299
4.660000	-0.043129
4.670000	-0.044950
4.680000	-0.046763
4.690000	-0.048567
4.700000	-0.050364
4.710000	-0.052151
4.720000	-0.053931
4.730000	-0.055702
4.740000	-0.057464
4.750000	-0.059218
4.760000	-0.060964
4.770000	-0.062701
4.780000	-0.064430
4.790000	-0.066150
4.800000	-0.067862
4.810000	-0.069565
4.820000	-0.071260
4.830000	-0.072947
4.840000	-0.074624
4.850000	-0.076294
4.860000	-0.077955
4.870000	-0.079607
4.880000	-0.081251
4.890000	-0.082886
4.900000	-0.084513
4.910000	-0.086131
4.920000	-0.087741
4.930000	-0.089342
4.940000	-0.090935
4.950000	-0.092519
4.960000	-0.094094
4.970000	-0.095661
4.980000	-0.097220
4.990000	-0.098769
5.000000	-0.100311
5.010000	-0.101843
5.020000	-0.103367
5.030000	-0.104883
5.040000	-0.106390
5.050000	-0.107888
5.060000	-0.109378
5.070000	-0.110859
5.080000	-0.112332
5.090000	-0.113796
5.100000	-0.115251
5.110000	-0.116698
5.120000	-0.118136
5.130000	-0.119566
5.140000	-0.120987
5.150000	-0.122399
5.160000	-0.123803
5.170000	-0.125199
5.180000	-0.126585
5.190000	-0.127964
5.200000	-0.129333
5.210000	-0.130694
5.220000	-0.132046
5.230000	-0.133390
5.240000	-0.134726
5.250000	-0.136052
5.260000	-0.137370
5.270000	-0.138680
5.280000	-0.139981
5.290000	-0.141273
5.300000	-0.142557
5.310000	-0.143832
5.320000	-0.145099
5.330000	-0.146357
5.340000	-0.147607
5.350000	-0.148848
5.360000	-0.150080
5.370000	-0.151304
5.380000	-0.152520
5.390000	-0.153727
5.400000	-0.154925
5.410000	-0.156115
5.420000	-0.157297
5.430000	-0.158470
5.440000	-0.159634
5.450000	-0.160790
5.460000	-0.161938
5.470000	-0.163077
5.480000	-0.164207
5.490000	-0.165329
5.500000	-0.166443
5.510000	-0.167548
5.520000	-0.168645
5.530000	-0.169733
5.540000	-0.170813
5.550000	-0.171884
5.560000	-0.172947
5.570000	-0.174002
5.580000	-0.175048
5.590000	-0.176086
5.600000	-0.177115
5.610000	-0.178136
5.620000	-0.179149
5.630000	-0.180154
5.640000	-0.181150
5.650000	-0.182137
5.660000	-0.183117
5.670000	-0.184088
5.680000	-0.185050
5.690000	-0.186005
5.700000	-0.186951
5.710000	-0.187889
5.720000	-0.188819
5.730000	-0.189740
5.740000	-0.190653
5.750000	-0.191558
5.760000	-0.192455
5.770000	-0.193344
5.780000	-0.194224
5.790000	-0.195096
5.800000	-0.195960
5.810000	-0.196816
5.820000	-0.197663
5.830000	-0.198503
5.840000	-0.199334
5.850000	-0.200158
5.860000	-0.200973
5.870000	-0.201780
5.880000	-0.202579
5.890000	-0.203370
5.900000	-0.204153
5.910000	-0.204928
5.920000	-0.205695
5.930000	-0.206454
5.940000	-0.207205
5.950000	-0.207948
5.960000	-0.208683
5.970000	-0.209410
5.980000	-0.210129
5.990000	-0.210840
6.000000	-0.211543
6.010000	-0.212238
6.020000	-0.212926
6.030000	-0.213606
6.040000	-0.214277
6.050000	-0.214941
6.060000	-0.215597
6.070000	-0.216246
6.080000	-0.216886
6.090000	-0.217519
6.100000	-0.218144
6.110000	-0.218761
6.120000	-0.219371
6.130000	-0.219973
6.140000	-0.220567
6.150000	-0.221154
6.160000	-0.221733
6.170000	-0.222304
6.180000	-0.222867
6.190000	-0.223423
6.200000	-0.223972
6.210000	-0.224513
6.220000	-0.225046
6.230000	-0.225572
6.240000	-0.226090
6.250000	-0.226601
6.260000	-0.227104
6.270000	-0.227600
6.280000	-0.228088
6.290000	-0.228569
6.300000	-0.229043
6.310000	-0.229509
6.320000	-0.229968
6.330000	-0.230419
6.340000	-0.230863
6.350000	-0.231300
6.360000	-0.231729
6.370000	-0.232151
6.380000	-0.232566
6.390000	-0.232974
6.400000	-0.233374
6.410000	-0.233768
6.420000	-0.234154
6.430000	-0.234533
6.440000	-0.234904
6.450000	-0.235269
6.460000	-0.235627
6.470000	-0.235977
6.480000	-0.236320
6.490000	-0.236657
6.500000	-0.236986
6.510000	-0.237308
6.520000	-0.237624
6.530000	-0.237932
6.540000	-0.238233
6.550000	-0.238528
6.560000	-0.238816
6.570000	-0.239096
6.580000	-0.239370
6.590000	-0.239637
6.600000	-0.239897
6.610000	-0.240151
6.620000	-0.240397
6.630000	-0.240637
6.640000	-0.240870
6.650000	-0.241097
6.660000	-0.241316
6.670000	-0.241529
6.680000	-0.241736
6.690000	-0.241936
6.700000	-0.242129
6.710000	-0.242315
6.720000	-0.242495
6.730000	-0.242669
6.740000	-0.242836
6.750000	-0.242996
6.760000	-0.243150
6.770000	-0.243298
6.780000	-0.243439
6.790000	-0.243574
6.800000	-0.243702
6.810000	-0.243824
6.820000	-0.243939
6.830000	-0.244049
6.840000	-0.244152
6.850000	-0.244248
6.860000	-0.244339
6.870000	-0.244423
6.880000	-0.244501
6.890000	-0.244573
6.900000	-0.244639
6.910000	-0.244698
6.920000	-0.244752
6.930000	-0.244799
6.940000	-0.244841
6.950000	-0.244876
6.960000	-0.244905
6.970000	-0.244928
6.980000	-0.244946
6.990000	-0.244957
7.000000	-0.244962
7.010000	-0.244962
7.020000	-0.244956
7.030000	-0.244943
7.040000	-0.244925
7.050000	-0.244901
7.060000	-0.244872
7.070000	-0.244836
7.080000	-0.244795
7.090000	-0.244748
7.100000	-0.244696
7.110000	-0.244638
7.120000	-0.244574
7.130000	-0.244505
7.140000	-0.244430
7.150000	-0.244349
7.160000	-0.244263
7.170000	-0.244171
7.180000	-0.244074
7.190000	-0.243971
7.200000	-0.243863
7.210000	-0.243750
7.220000	-0.243631
7.230000	-0.243507
7.240000	-0.243377
7.250000	-0.243242
7.260000	-0.243102
7.270000	-0.242956
7.280000	-0.242806
7.290000	-0.242650
7.300000	-0.242489
7.310000	-0.242322
7.320000	-0.242151
7.330000	-0.241974
7.340000	-0.241792
7.350000	-0.241606
7.360000	-0.241414
7.370000	-0.241217
7.380000	-0.241015
7.390000	-0.240808
7.400000	-0.240596
7.410000	-0.240380
7.420000	-0.240158
7.430000	-0.239932
7.440000	-0.239700
7.450000	-0.239464
7.460000	-0.239223
7.470000	-0.238977
7.480000	-0.238727
7.490000	-0.238471
7.500000	-0.238212
7.510000	-0.237947
7.520000	-0.237678
7.530000	-0.237404
7.540000	-0.237125
7.550000	-0.236842
7.560000	-0.236554
7.570000	-0.236262
7.580000	-0.235966
7.590000	-0.235665
7.600000	-0.235359
7.610000	-0.235049
7.620000	-0.234735
7.630000	-0.234416
7.640000	-0.234093
7.650000	-0.233765
7.660000	-0.233433
7.670000	-0.233097
7.680000	-0.232757
7.690000	-0.232412
7.700000	-0.232064
7.710000	-0.231711
7.720000	-0.231354
7.730000	-0.230993
7.740000	-0.230627
7.750000	-0.230258
7.760000	-0.229885
7.770000	-0.229507
7.780000	-0.229126
7.790000	-0.228740
7.800000	-0.228351
7.810000	-0.227958
7.820000	-0.227561
7.830000	-0.227160
7.840000	-0.226755
7.850000	-0.226346
7.860000	-0.225934
7.870000	-0.225517
7.880000	-0.225097
7.890000	-0.224673
7.900000	-0.224246
7.910000	-0.223815
7.920000	-0.223380
7.930000	-0.222942
7.940000	-0.222500
7.950000	-0.222054
7.960000	-0.221605
7.970000	-0.221153
7.980000	-0.220696
7.990000	-0.220237
8.000000	-0.219774
8.010000	-0.219307
8.020000	-0.218838
8.030000	-0.218364
8.040000	-0.217888
8.050000	-0.217408
8.060000	-0.216925
8.070000	-0.216438
8.080000	-0.215948
8.090000	-0.215455
8.100000	-0.214959
8.110000	-0.214460
8.120000	-0.213958
8.130000	-0.213452
8.140000	-0.212943
8.150000	-0.212432
8.160000	-0.211917
8.170000	-0.211399
8.180000	-0.210878
8.190000	-0.210354
8.200000	-0.209827
8.210000	-0.209298
8.220000	-0.208765
8.230000	-0.208230
8.240000	-0.207691
8.250000	-0.207150
8.260000	-0.206606
8.270000	-0.206059
8.280000	-0.205510
8.290000	-0.204958
8.300000	-0.204403
8.310000	-0.203845
8.320000	-0.203285
8.330000	-0.202722
8.340000	-0.202156
8.350000	-0.201588
8.360000	-0.201017
8.370000	-0.200444
8.380000	-0.199868
8.390000	-0.199290
8.400000	-0.198709
8.410000	-0.198126
8.420000	-0.197540
8.430000	-0.196952
8.440000	-0.196362
8.450000	-0.195769
8.460000	-0.195174
8.470000	-0.194577
8.480000	-0.193977
8.490000	-0.193375
8.500000	-0.192771
8.510000	-0.192165
8.520000	-0.191556
8.530000	-0.190945
8.540000	-0.190333
8.550000	-0.189718
8.560000	-0.189101
8.570000	-0.188481
8.580000	-0.187860
8.590000	-0.187237
8.600000	-0.186612
8.610000	-0.185985
8.620000	-0.185356
8.630000	-0.184725
8.640000	-0.184092
8.650000	-0.183457
8.660000	-0.182820
8.670000	-0.182181
8.680000	-0.181541
8.690000	-0.180899
8.700000	-0.180255
8.710000	-0.179609
8.720000	-0.178962
8.730000	-0.178313
8.740000	-0.177662
8.750000	-0.177009
8.760000	-0.176355
8.770000	-0.175700
8.780000	-0.175042
8.790000	-0.174383
8.800000	-0.173723
8.810000	-0.173061
8.820000	-0.172398
8.830000	-0.171733
8.840000	-0.171066
8.850000	-0.170398
8.860000	-0.169729
8.870000	-0.169058
8.880000	-0.168386
8.890000	-0.167713
8.900000	-0.167038
8.910000	-0.166362
8.920000	-0.165685
8.930000	-0.165006
8.940000	-0.164326
8.950000	-0.163645
8.960000	-0.162963
8.970000	-0.162280
8.980000	-0.161595
8.990000	-0.160909
9.000000	-0.160222
9.010000	-0.159534
9.020000	-0.158845
9.030000	-0.158155
9.040000	-0.157464
9.050000	-0.156772
9.060000	-0.156079
9.070000	-0.155385
9.080000	-0.154690
9.090000	-0.153994
9.100000	-0.153297
9.110000	-0.152599
9.120000	-0.151900
9.130000	-0.151201
9.140000	-0.150500
9.150000	-0.149799
9.160000	-0.149097
9.170000	-0.148394
9.180000	-0.147691
9.190000	-0.146987
9.200000	-0.146282
9.210000	-0.145576
9.220000	-0.144870
9.230000	-0.144163
9.240000	-0.143455
9.250000	-0.142747
9.260000	-0.142038
9.270000	-0.141329
9.280000	-0.140619
9.290000	-0.139909
9.300000	-0.139198
9.310000	-0.138486
9.320000	-0.137774
9.330000	-0.137062
9.340000	-0.136349
9.350000	-0.135636
9.360000	-0.134922
9.370000	-0.134208
9.380000	-0.133494
9.390000	-0.132779
9.400000	-0.132064
9.410000	-0.131349
9.420000	-0.130633
9.430000	-0.129917
9.440000	-0.129201
9.450000	-0.128484
9.460000	-0.127768
9.470000	-0.127051
9.480000	-0.126334
9.490000	-0.125617
9.500000	-0.124899
9.510000	-0.124182
9.520000	-0.123464
9.530000	-0.122746
9.540000	-0.122029
9.550000	-0.121311
9.560000	-0.120593
9.570000	-0.119875
9.580000	-0.119157
9.590000	-0.118439
9.600000	-0.117722
9.610000	-0.117004
9.620000	-0.116286
9.630000	-0.115568
9.640000	-0.114851
9.650000	-0.114133
9.660000	-0.113416
9.670000	-0.112699
9.680000	-0.111982
9.690000	-0.111265
9.700000	-0.110548
9.710000	-0.109832
9.720000	-0.109116
9.730000	-0.108400
9.740000	-0.107684
9.750000	-0.106969
9.760000	-0.106254
9.770000	-0.105539
9.780000	-0.104825
9.790000	-0.104110
9.800000	-0.103397
9.810000	-0.102683
9.820000	-0.101970
9.830000	-0.101258
9.840000	-0.100545
9.850000	-0.099834
9.860000	-0.099122
9.870000	-0.098412
9.880000	-0.097701
9.890000	-0.096991
9.900000	-0.096282
9.910000	-0.095573
9.920000	-0.094865
9.930000	-0.094157
9.940000	-0.093450
9.950000	-0.092744
9.960000	-0.092038
9.970000	-0.091332
9.980000	-0.090628
9.990000	-0.089924
10.000000	-0.089220
10.010000	-0.088517
10.020000	-0.087815
10.030000	-0.087114
10.040000	-0.086413
10.050000	-0.085714
10.060000	-0.085014
10.070000	-0.084316
10.080000	-0.083618
10.090000	-0.082922
10.100000	-0.082225
10.110000	-0.081530
10.120000	-0.080836
10.130000	-0.080142
10.140000	-0.079449
10.150000	-0.078758
10.160000	-0.078067
10.170000	-0.077377
10.180000	-0.076687
10.190000	-0.075999
10.200000	-0.075312
10.210000	-0.074625
10.220000	-0.073940
10.230000	-0.073255
10.240000	-0.072572
10.250000	-0.071889
10.260000	-0.071208
10.270000	-0.070527
10.280000	-0.069848
10.290000	-0.069169
10.300000	-0.068492
10.310000	-0.067816
10.320000	-0.067141
10.330000	-0.066466
10.340000	-0.065793
10.350000	-0.065122
10.360000	-0.064451
10.370000	-0.063781
10.380000	-0.063113
10.390000	-0.062445
10.400000	-0.061779
10.410000	-0.061114
10.420000	-0.060450
10.430000	-0.059788
10.440000	-0.059126
10.450000	-0.058466
10.460000	-0.057807
10.470000	-0.057149
10.480000	-0.056493
10.490000	-0.055838
10.500000	-0.055184
10.510000	-0.054532
10.520000	-0.053880
10.530000	-0.053230
10.540000	-0.052582
10.550000	-0.051934
10.560000	-0.051288
10.570000	-0.050644
10.580000	-0.050001
10.590000	-0.049359
10.600000	-0.048718
10.610000	-0.048079
10.620000	-0.047441
10.630000	-0.046805
10.640000	-0.046170
10.650000	-0.045537
10.660000	-0.044905
10.670000	-0.044274
10.680000	-0.043645
10.690000	-0.043018
10.700000	-0.042391
10.710000	-0.041767
10.720000	-0.041144
10.730000	-0.040522
10.740000	-0.039902
10.750000	-0.039283
10.760000	-0.038666
10.770000	-0.038051
10.780000	-0.037437
10.790000	-0.036824
10.800000	-0.036213
10.810000	-0.035604
10.820000	-0.034996
10.830000	-0.034390
10.840000	-0.033786
10.850000	-0.033183
10.860000	-0.032582
10.870000	-0.031982
10.880000	-0.031384
10.890000	-0.030787
10.900000	-0.030193
10.910000	-0.029600
10.920000	-0.029008
10.930000	-0.028418
10.940000	-0.027830
10.950000	-0.027244
10.960000	-0.026659
10.970000	-0.026076
10.980000	-0.025495
10.990000	-0.024915
11.000000	-0.024337
11.010000	-0.023761
11.020000	-0.023187
11.030000	-0.022614
11.040000	-0.022043
11.050000	-0.021474
11.060000	-0.020907
11.070000	-0.020341
11.080000	-0.019777
11.090000	-0.019215
11.100000	-0.018655
11.110000	-0.018096
11.120000	-0.017540
11.130000	-0.016985
11.140000	-0.016432
11.150000	-0.015880
11.160000	-0.015331
11.170000	-0.014783
11.180000	-0.014238
11.190000	-0.013694
11.200000	-0.013152
11.210000	-0.012611
11.220000	-0.012073
11.230000	-0.011536
11.240000	-0.011002
11.250000	-0.010469
11.260000	-0.009938
11.270000	-0.009409
11.280000	-0.008882
11.290000	-0.008357
11.300000	-0.007833
11.310000	-0.007312
11.320000	-0.006792
11.330000	-0.006275
11.340000	-0.005759
11.350000	-0.005245
11.360000	-0.004734
11.370000	-0.004224
11.380000	-0.003716
11.390000	-0.003210
11.400000	-0.002706
11.410000	-0.002204
11.420000	-0.001704
11.430000	-0.001205
11.440000	-0.000709
11.450000	-0.000215
11.460000	0.000277
11.470000	0.000768
11.480000	0.001256
11.490000	0.001742
11.500000	0.002227
11.510000	0.002709
11.520000	0.003190
11.530000	0.003668
11.540000	0.004144
11.550000	0.004619
11.560000	0.005091
11.570000	0.005561
11.580000	0.006030
11.590000	0.006496
11.600000	0.006960
11.610000	0.007423
11.620000	0.007883
11.630000	0.008341
11.640000	0.008797
11.650000	0.009251
11.660000	0.009703
11.670000	0.010154
11.680000	0.010602
11.690000	0.011048
11.700000	0.011491
11.710000	0.011933
11.720000	0.012373
11.730000	0.012811
11.740000	0.013247
11.750000	0.013680
11.760000	0.014112
11.770000	0.014541
11.780000	0.014969
11.790000	0.015394
11.800000	0.015817
11.810000	0.016239
11.820000	0.016658
11.830000	0.017075
11.840000	0.017490
11.850000	0.017903
11.860000	0.018314
11.870000	0.018723
11.880000	0.019129
11.890000	0.019534
11.900000	0.019936
11.910000	0.020337
11.920000	0.020735
11.930000	0.021131
11.940000	0.021525
11.950000	0.021917
11.960000	0.022307
11.970000	0.022695
11.980000	0.023081
11.990000	0.023465
12.000000	0.023846
12.010000	0.024226
12.020000	0.024603
12.030000	0.024978
12.040000	0.025352
12.050000	0.025723
12.060000	0.026092
12.070000	0.026458
12.080000	0.026823
12.090000	0.027186
12.100000	0.027546
12.110000	0.027905
12.120000	0.028261
12.130000	0.028616
12.140000	0.028968
12.150000	0.029318
12.160000	0.029666
12.170000	0.030011
12.180000	0.030355
12.190000	0.030697
12.200000	0.031036
12.210000	0.031374
12.220000	0.031709
12.230000	0.032042
12.240000	0.032373
12.250000	0.032702
12.260000	0.033029
12.270000	0.033354
12.280000	0.033677
12.290000	0.033997
12.300000	0.034316
12.310000	0.034632
12.320000	0.034947
12.330000	0.035259
12.340000	0.035569
12.350000	0.035877
12.360000	0.036183
12.370000	0.036487
12.380000	0.036789
12.390000	0.037088
12.400000	0.037386
12.410000	0.037681
12.420000	0.037975
12.430000	0.038266
12.440000	0.038555
12.450000	0.038843
12.460000	0.039128
12.470000	0.039411
12.480000	0.039692
12.490000	0.039970
12.500000	0.040247
12.510000	0.040522
12.520000	0.040794
12.530000	0.041065
12.540000	0.041333
12.550000	0.041600
12.560000	0.041864
12.570000	0.042127
12.580000	0.042387
12.590000	0.042645
12.600000	0.042901
12.610000	0.043155
12.620000	0.043407
12.630000	0.043657
12.640000	0.043905
12.650000	0.044151
12.660000	0.044395
12.670000	0.044636
12.680000	0.044876
12.690000	0.045114
12.700000	0.045350
12.710000	0.045583
12.720000	0.045815
12.730000	0.046044
12.740000	0.046272
12.750000	0.046498
12.760000	0.046721
12.770000	0.046943
12.780000	0.047162
12.790000	0.047380
12.800000	0.047595
12.810000	0.047809
12.820000	0.048020
12.830000	0.048230
12.840000	0.048437
12.850000	0.048642
12.860000	0.048846
12.870000	0.049048
12.880000	0.049247
12.890000	0.049445
12.900000	0.049640
12.910000	0.049834
12.920000	0.050025
12.930000	0.050215
12.940000	0.050403
12.950000	0.050589
12.960000	0.050772
12.970000	0.050954
12.980000	0.051134
12.990000	0.051312
13.000000	0.051488
13.010000	0.051662
13.020000	0.051834
13.030000	0.052004
13.040000	0.052173
13.050000	0.052339
13.060000	0.052503
13.070000	0.052666
13.080000	0.052826
13.090000	0.052985
13.100000	0.053142
13.110000	0.053297
13.120000	0.053450
13.130000	0.053601
13.140000	0.053750
13.150000	0.053897
13.160000	0.054042
13.170000	0.054186
13.180000	0.054328
13.190000	0.054467
13.200000	0.054605
13.210000	0.054741
13.220000	0.054876
13.230000	0.055008
13.240000	0.055138
13.250000	0.055267
13.260000	0.055394
13.270000	0.055519
13.280000	0.055642
13.290000	0.055763
13.300000	0.055883
13.310000	0.056000
13.320000	0.056116
13.330000	0.056230
13.340000	0.056342
13.350000	0.056453
13.360000	0.056562
13.370000	0.056668
13.380000	0.056773
13.390000	0.056877
13.400000	0.056978
13.410000	0.057078
13.420000	0.057176
13.430000	0.057272
13.440000	0.057366
13.450000	0.057459
13.460000	0.057550
13.470000	0.057639
13.480000	0.057727
13.490000	0.057812
13.500000	0.057896
13.510000	0.057979
13.520000	0.058059
13.530000	0.058138
13.540000	0.058215
13.550000	0.058290
13.560000	0.058364
13.570000	0.058436
13.580000	0.058506
13.590000	0.058575
13.600000	0.058642
13.610000	0.058707
13.620000	0.058771
13.630000	0.058833
13.640000	0.058893
13.650000	0.058952
13.660000	0.059009
13.670000	0.059064
13.680000	0.059118
13.690000	0.059170
13.700000	0.059220
13.710000	0.059269
13.720000	0.059316
13.730000	0.059362
13.740000	0.059406
13.750000	0.059448
13.760000	0.059489
13.770000	0.059528
13.780000	0.059566
13.790000	0.059602
13.800000	0.059636
13.810000	0.059669
13.820000	0.059700
13.830000	0.059730
13.840000	0.059758
13.850000	0.059785
13.860000	0.059810
13.870000	0.059834
13.880000	0.059856
13.890000	0.059876
13.900000	0.059895
13.910000	0.059913
13.920000	0.059929
13.930000	0.059943
13.940000	0.059956
13.950000	0.059967
13.960000	0.059977
13.970000	0.059986
13.980000	0.059993
13.990000	0.059999
14.000000	0.060003
14.010000	0.060005
14.020000	0.060007
14.030000	0.060006
14.040000	0.060005
14.050000	0.060002
14.060000	0.059997
14.070000	0.059991
14.080000	0.059984
14.090000	0.059975
14.100000	0.059965
14.110000	0.059953
14.120000	0.059940
14.130000	0.059926
14.140000	0.059910
14.150000	0.059893
14.160000	0.059874
14.170000	0.059855
14.180000	0.059833
14.190000	0.059811
14.200000	0.059787
14.210000	0.059762
14.220000	0.059735
14.230000	0.059707
14.240000	0.059678
14.250000	0.059647
14.260000	0.059616
14.270000	0.059582
14.280000	0.059548
14.290000	0.059512
14.300000	0.059475
14.310000	0.059437
14.320000	0.059397
14.330000	0.059356
14.340000	0.059314
14.350000	0.059271
14.360000	0.059226
14.370000	0.059180
14.380000	0.059133
14.390000	0.059085
14.400000	0.059035
14.410000	0.058985
14.420000	0.058933
14.430000	0.058880
14.440000	0.058825
14.450000	0.058770
14.460000	0.058713
14.470000	0.058655
14.480000	0.058596
14.490000	0.058535
14.500000	0.058474
14.510000	0.058411
14.520000	0.058348
14.530000	0.058283
14.540000	0.058217
14.550000	0.058149
14.560000	0.058081
14.570000	0.058012
14.580000	0.057941
14.590000	0.057869
14.600000	0.057797
14.610000	0.057723
14.620000	0.057648
14.630000	0.057572
14.640000	0.057495
14.650000	0.057417
14.660000	0.057337
14.670000	0.057257
14.680000	0.057176
14.690000	0.057093
14.700000	0.057010
14.710000	0.056925
14.720000	0.056840
14.730000	0.056753
14.740000	0.056666
14.750000	0.056577
14.760000	0.056488
14.770000	0.056397
14.780000	0.056306
14.790000	0.056213
14.800000	0.056119
14.810000	0.056025
14.820000	0.055930
14.830000	0.055833
14.840000	0.055736
14.850000	0.055637
14.860000	0.055538
14.870000	0.055438
14.880000	0.055337
14.890000	0.055235
14.900000	0.055132
14.910000	0.055028
14.920000	0.054923
14.930000	0.054818
14.940000	0.054711
14.950000	0.054603
14.960000	0.054495
14.970000	0.054386
14.980000	0.054276
14.990000	0.054165
15.000000	0.054053
