Time (s)	Position (m)
0.000000	1.000000
0.010000	0.999976
0.020000	0.999928
0.030000	0.999856
0.040000	0.999761
0.050000	0.999642
0.060000	0.999499
0.070000	0.999333
0.080000	0.999144
0.090000	0.998932
0.100000	0.998696
0.110000	0.998437
0.120000	0.998156
0.130000	0.997851
0.140000	0.997524
0.150000	0.997174
0.160000	0.996802
0.170000	0.996407
0.180000	0.995990
0.190000	0.995550
0.200000	0.995089
0.210000	0.994605
0.220000	0.994100
0.230000	0.993572
0.240000	0.993023
0.250000	0.992452
0.260000	0.991860
0.270000	0.991246
0.280000	0.990611
0.290000	0.989955
0.300000	0.989277
0.310000	0.988578
0.320000	0.987859
0.330000	0.987119
0.340000	0.986357
0.350000	0.985576
0.360000	0.984773
0.370000	0.983951
0.380000	0.983107
0.390000	0.982244
0.400000	0.981361
0.410000	0.980457
0.420000	0.979534
0.430000	0.978590
0.440000	0.977627
0.450000	0.976644
0.460000	0.975642
0.470000	0.974621
0.480000	0.973580
0.490000	0.972519
0.500000	0.971440
0.510000	0.970342
0.520000	0.969224
0.530000	0.968088
0.540000	0.966934
0.550000	0.965760
0.560000	0.964568
0.570000	0.963358
0.580000	0.962129
0.590000	0.960882
0.600000	0.959617
0.610000	0.958334
0.620000	0.957034
0.630000	0.955715
0.640000	0.954379
0.650000	0.953025
0.660000	0.951653
0.670000	0.950264
0.680000	0.948858
0.690000	0.947435
0.700000	0.945995
0.710000	0.944537
0.720000	0.943063
0.730000	0.941572
0.740000	0.940064
0.750000	0.938540
0.760000	0.936999
0.770000	0.935442
0.780000	0.933869
0.790000	0.932280
0.800000	0.930674
0.810000	0.929053
0.820000	0.927415
0.830000	0.925762
0.840000	0.924093
0.850000	0.922409
0.860000	0.920709
0.870000	0.918994
0.880000	0.917264
0.890000	0.915519
0.900000	0.913758
0.910000	0.911983
0.920000	0.910193
0.930000	0.908388
0.940000	0.906568
0.950000	0.904734
0.960000	0.902886
0.970000	0.901023
0.980000	0.899146
0.990000	0.897255
1.000000	0.895349
1.010000	0.893430
1.020000	0.891497
1.030000	0.889551
1.040000	0.887591
1.050000	0.885617
1.060000	0.883630
1.070000	0.881629
1.080000	0.879616
1.090000	0.877589
1.100000	0.875549
1.110000	0.873496
1.120000	0.871431
1.130000	0.869353
1.140000	0.867262
1.150000	0.865159
1.160000	0.863043
1.170000	0.860915
1.180000	0.858775
1.190000	0.856623
1.200000	0.854458
1.210000	0.852282
1.220000	0.850094
1.230000	0.847895
1.240000	0.845683
1.250000	0.843461
1.260000	0.841226
1.270000	0.838981
1.280000	0.836724
1.290000	0.834456
1.300000	0.832177
1.310000	0.829888
1.320000	0.827587
1.330000	0.825276
1.340000	0.822954
1.350000	0.820622
1.360000	0.818279
1.370000	0.815926
1.380000	0.813562
1.390000	0.811189
1.400000	0.808805
1.410000	0.806412
1.420000	0.804008
1.430000	0.801595
1.440000	0.799173
1.450000	0.796740
1.460000	0.794299
1.470000	0.791848
1.480000	0.789387
1.490000	0.786918
1.500000	0.784439
1.510000	0.781952
1.520000	0.779456
1.530000	0.776950
1.540000	0.774437
1.550000	0.771914
1.560000	0.769383
1.570000	0.766844
1.580000	0.764296
1.590000	0.761740
1.600000	0.759176
1.610000	0.756604
1.620000	0.754024
1.630000	0.751437
1.640000	0.748841
1.650000	0.746238
1.660000	0.743627
1.670000	0.741009
1.680000	0.738383
1.690000	0.735751
1.700000	0.733111
1.710000	0.730463
1.720000	0.727809
1.730000	0.725148
1.740000	0.722480
1.750000	0.719806
1.760000	0.717124
1.770000	0.714437
1.780000	0.711742
1.790000	0.709042
1.800000	0.706335
1.810000	0.703622
1.820000	0.700902
1.830000	0.698177
1.840000	0.695446
1.850000	0.692709
1.860000	0.689966
1.870000	0.687218
1.880000	0.684464
1.890000	0.681705
1.900000	0.678940
1.910000	0.676170
1.920000	0.673394
1.930000	0.670614
1.940000	0.667828
1.950000	0.665038
1.960000	0.662243
1.970000	0.659443
1.980000	0.656638
1.990000	0.653828
2.000000	0.651015
2.010000	0.648196
2.020000	0.645374
2.030000	0.642547
2.040000	0.639715
2.050000	0.636880
2.060000	0.634041
2.070000	0.631198
2.080000	0.628351
2.090000	0.625500
2.100000	0.622646
2.110000	0.619787
2.120000	0.616926
2.130000	0.614061
2.140000	0.611193
2.150000	0.608321
2.160000	0.605446
2.170000	0.602568
2.180000	0.599687
2.190000	0.596804
2.200000	0.593917
2.210000	0.591027
2.220000	0.588135
2.230000	0.585240
2.240000	0.582343
2.250000	0.579443
2.260000	0.576541
2.270000	0.573637
2.280000	0.570730
2.290000	0.567821
2.300000	0.564910
2.310000	0.561997
2.320000	0.559083
2.330000	0.556166
2.340000	0.553248
2.350000	0.550328
2.360000	0.547406
2.370000	0.544483
2.380000	0.541558
2.390000	0.538632
2.400000	0.535705
2.410000	0.532777
2.420000	0.529847
2.430000	0.526916
2.440000	0.523985
2.450000	0.521052
2.460000	0.518119
2.470000	0.515184
2.480000	0.512250
2.490000	0.509314
2.500000	0.506378
2.510000	0.503441
2.520000	0.500504
2.530000	0.497567
2.540000	0.494629
2.550000	0.491692
2.560000	0.488754
2.570000	0.485816
2.580000	0.482878
2.590000	0.479940
2.600000	0.477003
2.610000	0.474065
2.620000	0.471128
2.630000	0.468191
2.640000	0.465255
2.650000	0.462319
2.660000	0.459384
2.670000	0.456449
2.680000	0.453515
2.690000	0.450582
2.700000	0.447650
2.710000	0.444719
2.720000	0.441788
2.730000	0.438859
2.740000	0.435931
2.750000	0.433004
2.760000	0.430078
2.770000	0.427154
2.780000	0.424231
2.790000	0.421309
2.800000	0.418389
2.810000	0.415470
2.820000	0.412554
2.830000	0.409638
2.840000	0.406725
2.850000	0.403813
2.860000	0.400903
2.870000	0.397996
2.880000	0.395090
2.890000	0.392186
2.900000	0.389285
2.910000	0.386385
2.920000	0.383488
2.930000	0.380593
2.940000	0.377701
2.950000	0.374811
2.960000	0.371923
2.970000	0.369038
2.980000	0.366156
2.990000	0.363276
3.000000	0.360399
3.010000	0.357525
3.020000	0.354654
3.030000	0.351785
3.040000	0.348920
3.050000	0.346057
3.060000	0.343198
3.070000	0.340342
3.080000	0.337489
3.090000	0.334639
3.100000	0.331793
3.110000	0.328949
3.120000	0.326110
3.130000	0.323273
3.140000	0.320441
3.150000	0.317612
3.160000	0.314786
3.170000	0.311964
3.180000	0.309146
3.190000	0.306332
3.200000	0.303521
3.210000	0.300715
3.220000	0.297912
3.230000	0.295113
3.240000	0.292319
3.250000	0.289528
3.260000	0.286742
3.270000	0.283959
3.280000	0.281181
3.290000	0.278408
3.300000	0.275638
3.310000	0.272874
3.320000	0.270113
3.330000	0.267357
3.340000	0.264606
3.350000	0.261859
3.360000	0.259117
3.370000	0.256379
3.380000	0.253646
3.390000	0.250918
3.400000	0.248195
3.410000	0.245477
3.420000	0.242763
3.430000	0.240055
3.440000	0.237351
3.450000	0.234653
3.460000	0.231960
3.470000	0.229272
3.480000	0.226589
3.490000	0.223911
3.500000	0.221239
3.510000	0.218571
3.520000	0.215910
3.530000	0.213253
3.540000	0.210602
3.550000	0.207957
3.560000	0.205317
3.570000	0.202683
3.580000	0.200054
3.590000	0.197431
3.600000	0.194813
3.610000	0.192202
3.620000	0.189596
3.630000	0.186996
3.640000	0.184401
3.650000	0.181813
3.660000	0.179231
3.670000	0.176654
3.680000	0.174084
3.690000	0.171519
3.700000	0.168961
3.710000	0.166409
3.720000	0.163863
3.730000	0.161323
3.740000	0.158789
3.750000	0.156262
3.760000	0.153741
3.770000	0.151226
3.780000	0.148718
3.790000	0.146216
3.800000	0.143720
3.810000	0.141231
3.820000	0.138749
3.830000	0.136273
3.840000	0.133803
3.850000	0.131340
3.860000	0.128884
3.870000	0.126435
3.880000	0.123992
3.890000	0.121556
3.900000	0.119126
3.910000	0.116704
3.920000	0.114288
3.930000	0.111879
3.940000	0.109477
3.950000	0.107082
3.960000	0.104694
3.970000	0.102313
3.980000	0.099939
3.990000	0.097572
4.000000	0.095212
4.010000	0.092859
4.020000	0.090514
4.030000	0.088175
4.040000	0.085844
4.050000	0.083520
4.060000	0.081203
4.070000	0.078893
4.080000	0.076591
4.090000	0.074295
4.100000	0.072008
4.110000	0.069727
4.120000	0.067454
4.130000	0.065189
4.140000	0.062931
4.150000	0.060680
4.160000	0.058437
4.170000	0.056201
4.180000	0.053973
4.190000	0.051753
4.200000	0.049540
4.210000	0.047334
4.220000	0.045137
4.230000	0.042947
4.240000	0.040764
4.250000	0.038590
4.260000	0.036423
4.270000	0.034264
4.280000	0.032112
4.290000	0.029968
4.300000	0.027833
4.310000	0.025705
4.320000	0.023584
4.330000	0.021472
4.340000	0.019368
4.350000	0.017271
4.360000	0.015182
4.370000	0.013102
4.380000	0.011029
4.390000	0.008964
4.400000	0.006908
4.410000	0.004859
4.420000	0.002818
4.430000	0.000785
4.440000	-0.001239
4.450000	-0.003256
4.460000	-0.005264
4.470000	-0.007264
4.480000	-0.009257
4.490000	-0.011241
4.500000	-0.013216
4.510000	-0.015184
4.520000	-0.017144
4.530000	-0.019095
4.540000	-0.021038
4.550000	-0.022973
4.560000	-0.024900
4.570000	-0.026818
4.580000	-0.028728
4.590000	-0.030630
4.600000	-0.032523
4.610000	-0.034409
4.620000	-0.036285
4.630000	-0.038154
4.640000	-0.040014
4.650000	-0.041866
4.660000	-0.043710
4.670000	-0.045545
4.680000	-0.047371
4.690000	-0.049190
4.700000	-0.051000
4.710000	-0.052801
4.720000	-0.054594
4.730000	-0.056379
4.740000	-0.058155
4.750000	-0.059923
4.760000	-0.061682
4.770000	-0.063433
4.780000	-0.065175
4.790000	-0.066909
4.800000	-0.068634
4.810000	-0.070351
4.820000	-0.072059
4.830000	-0.073759
4.840000	-0.075450
4.850000	-0.077133
4.860000	-0.078807
4.870000	-0.080472
4.880000	-0.082129
4.890000	-0.083778
4.900000	-0.085418
4.910000	-0.087049
4.920000	-0.088672
4.930000	-0.090286
4.940000	-0.091892
4.950000	-0.093489
4.960000	-0.095077
4.970000	-0.096657
4.980000	-0.098228
4.990000	-0.099791
5.000000	-0.101345
5.010000	-0.102890
5.020000	-0.104427
5.030000	-0.105955
5.040000	-0.107475
5.050000	-0.108986
5.060000	-0.110488
5.070000	-0.111982
5.080000	-0.113467
5.090000	-0.114943
5.100000	-0.116411
5.110000	-0.117870
5.120000	-0.119321
5.130000	-0.120763
5.140000	-0.122196
5.150000	-0.123621
5.160000	-0.125037
5.170000	-0.126444
5.180000	-0.127843
5.190000	-0.129233
5.200000	-0.130614
5.210000	-0.131987
5.220000	-0.133351
5.230000	-0.134707
5.240000	-0.136054
5.250000	-0.137392
5.260000	-0.138722
5.270000	-0.140043
5.280000	-0.141356
5.290000	-0.142660
5.300000	-0.143955
5.310000	-0.145242
5.320000	-0.146520
5.330000	-0.147789
5.340000	-0.149050
5.350000	-0.150303
5.360000	-0.151546
5.370000	-0.152781
5.380000	-0.154008
5.390000	-0.155226
5.400000	-0.156435
5.410000	-0.157636
5.420000	-0.158829
5.430000	-0.160012
5.440000	-0.161188
5.450000	-0.162354
5.460000	-0.163512
5.470000	-0.164662
5.480000	-0.165803
5.490000	-0.166936
5.500000	-0.168060
5.510000	-0.169175
5.520000	-0.170282
5.530000	-0.171381
5.540000	-0.172471
5.550000	-0.173553
5.560000	-0.174626
5.570000	-0.175690
5.580000	-0.176747
5.590000	-0.177794
5.600000	-0.178834
5.610000	-0.179865
5.620000	-0.180887
5.630000	-0.181901
5.640000	-0.182907
5.650000	-0.183904
5.660000	-0.184893
5.670000	-0.185874
5.680000	-0.186846
5.690000	-0.187810
5.700000	-0.188766
5.710000	-0.189713
5.720000	-0.190652
5.730000	-0.191582
5.740000	-0.192504
5.750000	-0.193418
5.760000	-0.194324
5.770000	-0.195222
5.780000	-0.196111
5.790000	-0.196992
5.800000	-0.197864
5.810000	-0.198729
5.820000	-0.199585
5.830000	-0.200433
5.840000	-0.201273
5.850000	-0.202105
5.860000	-0.202929
5.870000	-0.203744
5.880000	-0.204551
5.890000	-0.205351
5.900000	-0.206142
5.910000	-0.206925
5.920000	-0.207700
5.930000	-0.208466
5.940000	-0.209225
5.950000	-0.209976
5.960000	-0.210719
5.970000	-0.211453
5.980000	-0.212180
5.990000	-0.212899
6.000000	-0.213610
6.010000	-0.214313
6.020000	-0.215007
6.030000	-0.215694
6.040000	-0.216373
6.050000	-0.217045
6.060000	-0.217708
6.070000	-0.218363
6.080000	-0.219011
6.090000	-0.219651
6.100000	-0.220283
6.110000	-0.220907
6.120000	-0.221523
6.130000	-0.222132
6.140000	-0.222733
6.150000	-0.223326
6.160000	-0.223911
6.170000	-0.224489
6.180000	-0.225059
6.190000	-0.225621
6.200000	-0.226176
6.210000	-0.226723
6.220000	-0.227262
6.230000	-0.227794
6.240000	-0.228318
6.250000	-0.228835
6.260000	-0.229344
6.270000	-0.229846
6.280000	-0.230340
6.290000	-0.230826
6.300000	-0.231305
6.310000	-0.231777
6.320000	-0.232241
6.330000	-0.232698
6.340000	-0.233148
6.350000	-0.233590
6.360000	-0.234024
6.370000	-0.234452
6.380000	-0.234872
6.390000	-0.235284
6.400000	-0.235690
6.410000	-0.236088
6.420000	-0.236479
6.430000	-0.236862
6.440000	-0.237239
6.450000	-0.237608
6.460000	-0.237970
6.470000	-0.238325
6.480000	-0.238673
6.490000	-0.239014
6.500000	-0.239347
6.510000	-0.239674
6.520000	-0.239993
6.530000	-0.240306
6.540000	-0.240611
6.550000	-0.240910
6.560000	-0.241201
6.570000	-0.241486
6.580000	-0.241763
6.590000	-0.242034
6.600000	-0.242298
6.610000	-0.242555
6.620000	-0.242805
6.630000	-0.243048
6.640000	-0.243285
6.650000	-0.243514
6.660000	-0.243737
6.670000	-0.243953
6.680000	-0.244163
6.690000	-0.244366
6.700000	-0.244562
6.710000	-0.244751
6.720000	-0.244934
6.730000	-0.245110
6.740000	-0.245280
6.750000	-0.245443
6.760000	-0.245600
6.770000	-0.245750
6.780000	-0.245893
6.790000	-0.246030
6.800000	-0.246161
6.810000	-0.246285
6.820000	-0.246403
6.830000	-0.246515
6.840000	-0.246620
6.850000	-0.246718
6.860000	-0.246811
6.870000	-0.246897
6.880000	-0.246977
6.890000	-0.247050
6.900000	-0.247118
6.910000	-0.247179
6.920000	-0.247234
6.930000	-0.247283
6.940000	-0.247325
6.950000	-0.247362
6.960000	-0.247393
6.970000	-0.247417
6.980000	-0.247436
6.990000	-0.247448
7.000000	-0.247454
7.010000	-0.247455
7.020000	-0.247450
7.030000	-0.247438
7.040000	-0.247421
7.050000	-0.247398
7.060000	-0.247369
7.070000	-0.247334
7.080000	-0.247293
7.090000	-0.247247
7.100000	-0.247195
7.110000	-0.247137
7.120000	-0.247073
7.130000	-0.247004
7.140000	-0.246929
7.150000	-0.246849
7.160000	-0.246763
7.170000	-0.246671
7.180000	-0.246574
7.190000	-0.246471
7.200000	-0.246363
7.210000	-0.246249
7.220000	-0.246130
7.230000	-0.246005
7.240000	-0.245875
7.250000	-0.245740
7.260000	-0.245599
7.270000	-0.245453
7.280000	-0.245301
7.290000	-0.245144
7.300000	-0.244982
7.310000	-0.244815
7.320000	-0.244643
7.330000	-0.244465
7.340000	-0.244282
7.350000	-0.244094
7.360000	-0.243901
7.370000	-0.243703
7.380000	-0.243500
7.390000	-0.243292
7.400000	-0.243078
7.410000	-0.242860
7.420000	-0.242637
7.430000	-0.242409
7.440000	-0.242176
7.450000	-0.241938
7.460000	-0.241695
7.470000	-0.241448
7.480000	-0.241195
7.490000	-0.240938
7.500000	-0.240676
7.510000	-0.240409
7.520000	-0.240138
7.530000	-0.239862
7.540000	-0.239581
7.550000	-0.239296
7.560000	-0.239006
7.570000	-0.238711
7.580000	-0.238412
7.590000	-0.238108
7.600000	-0.237800
7.610000	-0.237487
7.620000	-0.237170
7.630000	-0.236849
7.640000	-0.236523
7.650000	-0.236193
7.660000	-0.235858
7.670000	-0.235519
7.680000	-0.235175
7.690000	-0.234828
7.700000	-0.234476
7.710000	-0.234120
7.720000	-0.233760
7.730000	-0.233395
7.740000	-0.233027
7.750000	-0.232654
7.760000	-0.232277
7.770000	-0.231896
7.780000	-0.231511
7.790000	-0.231122
7.800000	-0.230729
7.810000	-0.230332
7.820000	-0.229931
7.830000	-0.229526
7.840000	-0.229118
7.850000	-0.228705
7.860000	-0.228289
7.870000	-0.227868
7.880000	-0.227444
7.890000	-0.227016
7.900000	-0.226585
7.910000	-0.226149
7.920000	-0.225710
7.930000	-0.225268
7.940000	-0.224821
7.950000	-0.224371
7.960000	-0.223918
7.970000	-0.223461
7.980000	-0.223000
7.990000	-0.222536
8.000000	-0.222068
8.010000	-0.221597
8.020000	-0.221122
8.030000	-0.220644
8.040000	-0.220163
8.050000	-0.219678
8.060000	-0.219190
8.070000	-0.218698
8.080000	-0.218204
8.090000	-0.217706
8.100000	-0.217204
8.110000	-0.216700
8.120000	-0.216192
8.130000	-0.215681
8.140000	-0.215167
8.150000	-0.214650
8.160000	-0.214130
8.170000	-0.213607
8.180000	-0.213080
8.190000	-0.212551
8.200000	-0.212019
8.210000	-0.211483
8.220000	-0.210945
8.230000	-0.210404
8.240000	-0.209860
8.250000	-0.209313
8.260000	-0.208763
8.270000	-0.208210
8.280000	-0.207655
8.290000	-0.207097
8.300000	-0.206536
8.310000	-0.205972
8.320000	-0.205406
8.330000	-0.204837
8.340000	-0.204265
8.350000	-0.203691
8.360000	-0.203114
8.370000	-0.202534
8.380000	-0.201952
8.390000	-0.201367
8.400000	-0.200780
8.410000	-0.200191
8.420000	-0.199599
8.430000	-0.199004
8.440000	-0.198407
8.450000	-0.197808
8.460000	-0.197206
8.470000	-0.196602
8.480000	-0.195996
8.490000	-0.195387
8.500000	-0.194776
8.510000	-0.194163
8.520000	-0.193548
8.530000	-0.192930
8.540000	-0.192310
8.550000	-0.191689
8.560000	-0.191065
8.570000	-0.190438
8.580000	-0.189810
8.590000	-0.189180
8.600000	-0.188548
8.610000	-0.187913
8.620000	-0.187277
8.630000	-0.186639
8.640000	-0.185999
8.650000	-0.185357
8.660000	-0.184712
8.670000	-0.184067
8.680000	-0.183419
8.690000	-0.182769
8.700000	-0.182118
8.710000	-0.181465
8.720000	-0.180810
8.730000	-0.180153
8.740000	-0.179495
8.750000	-0.178835
8.760000	-0.178173
8.770000	-0.177510
8.780000	-0.176845
8.790000	-0.176178
8.800000	-0.175510
8.810000	-0.174840
8.820000	-0.174169
8.830000	-0.173496
8.840000	-0.172822
8.850000	-0.172146
8.860000	-0.171469
8.870000	-0.170791
8.880000	-0.170111
8.890000	-0.169429
8.900000	-0.168747
8.910000	-0.168062
8.920000	-0.167377
8.930000	-0.166690
8.940000	-0.166003
8.950000	-0.165313
8.960000	-0.164623
8.970000	-0.163931
8.980000	-0.163239
8.990000	-0.162545
9.000000	-0.161849
9.010000	-0.161153
9.020000	-0.160456
9.030000	-0.159758
9.040000	-0.159058
9.050000	-0.158358
9.060000	-0.157656
9.070000	-0.156954
9.080000	-0.156250
9.090000	-0.155546
9.100000	-0.154840
9.110000	-0.154134
9.120000	-0.153427
9.130000	-0.152719
9.140000	-0.152010
9.150000	-0.151300
9.160000	-0.150590
9.170000	-0.149878
9.180000	-0.149166
9.190000	-0.148453
9.200000	-0.147740
9.210000	-0.147026
9.220000	-0.146311
9.230000	-0.145595
9.240000	-0.144879
9.250000	-0.144162
9.260000	-0.143444
9.270000	-0.142726
9.280000	-0.142007
9.290000	-0.141288
9.300000	-0.140569
9.310000	-0.139848
9.320000	-0.139127
9.330000	-0.138406
9.340000	-0.137685
9.350000	-0.136962
9.360000	-0.136240
9.370000	-0.135517
9.380000	-0.134794
9.390000	-0.134070
9.400000	-0.133346
9.410000	-0.132622
9.420000	-0.131897
9.430000	-0.131172
9.440000	-0.130447
9.450000	-0.129721
9.460000	-0.128996
9.470000	-0.128270
9.480000	-0.127544
9.490000	-0.126818
9.500000	-0.126091
9.510000	-0.125365
9.520000	-0.124638
9.530000	-0.123911
9.540000	-0.123184
9.550000	-0.122457
9.560000	-0.121730
9.570000	-0.121003
9.580000	-0.120276
9.590000	-0.119549
9.600000	-0.118823
9.610000	-0.118096
9.620000	-0.117369
9.630000	-0.116642
9.640000	-0.115915
9.650000	-0.115189
9.660000	-0.114462
9.670000	-0.113736
9.680000	-0.113010
9.690000	-0.112284
9.700000	-0.111558
9.710000	-0.110832
9.720000	-0.110107
9.730000	-0.109382
9.740000	-0.108657
9.750000	-0.107932
9.760000	-0.107208
9.770000	-0.106484
9.780000	-0.105760
9.790000	-0.105037
9.800000	-0.104314
9.810000	-0.103591
9.820000	-0.102869
9.830000	-0.102147
9.840000	-0.101426
9.850000	-0.100705
9.860000	-0.099984
9.870000	-0.099264
9.880000	-0.098544
9.890000	-0.097825
9.900000	-0.097107
9.910000	-0.096389
9.920000	-0.095671
9.930000	-0.094954
9.940000	-0.094238
9.950000	-0.093522
9.960000	-0.092807
9.970000	-0.092092
9.980000	-0.091378
9.990000	-0.090665
10.000000	-0.089952
10.010000	-0.089240
10.020000	-0.088529
10.030000	-0.087818
10.040000	-0.087109
10.050000	-0.086399
10.060000	-0.085691
10.070000	-0.084983
10.080000	-0.084277
10.090000	-0.083571
10.100000	-0.082865
10.110000	-0.082161
10.120000	-0.081457
10.130000	-0.080754
10.140000	-0.080053
10.150000	-0.079351
10.160000	-0.078651
10.170000	-0.077952
10.180000	-0.077254
10.190000	-0.076556
10.200000	-0.075860
10.210000	-0.075164
10.220000	-0.074470
10.230000	-0.073776
10.240000	-0.073083
10.250000	-0.072392
10.260000	-0.071701
10.270000	-0.071012
10.280000	-0.070323
10.290000	-0.069635
10.300000	-0.068949
10.310000	-0.068264
10.320000	-0.067579
10.330000	-0.066896
10.340000	-0.066214
10.350000	-0.065533
10.360000	-0.064853
10.370000	-0.064175
10.380000	-0.063497
10.390000	-0.062821
10.400000	-0.062146
10.410000	-0.061472
10.420000	-0.060799
10.430000	-0.060127
10.440000	-0.059457
10.450000	-0.058788
10.460000	-0.058120
10.470000	-0.057454
10.480000	-0.056788
10.490000	-0.056124
10.500000	-0.055462
10.510000	-0.054800
10.520000	-0.054140
10.530000	-0.053481
10.540000	-0.052824
10.550000	-0.052168
10.560000	-0.051513
10.570000	-0.050860
10.580000	-0.050208
10.590000	-0.049557
10.600000	-0.048908
10.610000	-0.048260
10.620000	-0.047614
10.630000	-0.046969
10.640000	-0.046325
10.650000	-0.045683
10.660000	-0.045042
10.670000	-0.044403
10.680000	-0.043766
10.690000	-0.043129
10.700000	-0.042495
10.710000	-0.041862
10.720000	-0.041230
10.730000	-0.040600
10.740000	-0.039971
10.750000	-0.039344
10.760000	-0.038718
10.770000	-0.038094
10.780000	-0.037472
10.790000	-0.036851
10.800000	-0.036232
10.810000	-0.035614
10.820000	-0.034998
10.830000	-0.034384
10.840000	-0.033771
10.850000	-0.033160
10.860000	-0.032550
10.870000	-0.031942
10.880000	-0.031336
10.890000	-0.030731
10.900000	-0.030128
10.910000	-0.029527
10.920000	-0.028928
10.930000	-0.028330
10.940000	-0.027733
10.950000	-0.027139
10.960000	-0.026546
10.970000	-0.025955
10.980000	-0.025366
10.990000	-0.024778
11.000000	-0.024192
11.010000	-0.023608
11.020000	-0.023026
11.030000	-0.022445
11.040000	-0.021866
11.050000	-0.021289
11.060000	-0.020714
11.070000	-0.020140
11.080000	-0.019569
11.090000	-0.018999
11.100000	-0.018431
11.110000	-0.017865
11.120000	-0.017300
11.130000	-0.016738
11.140000	-0.016177
11.150000	-0.015618
11.160000	-0.015061
11.170000	-0.014506
11.180000	-0.013952
11.190000	-0.013401
11.200000	-0.012851
11.210000	-0.012303
11.220000	-0.011757
11.230000	-0.011213
11.240000	-0.010671
11.250000	-0.010131
11.260000	-0.009593
11.270000	-0.009056
11.280000	-0.008522
11.290000	-0.007989
11.300000	-0.007459
11.310000	-0.006930
11.320000	-0.006403
11.330000	-0.005879
11.340000	-0.005356
11.350000	-0.004835
11.360000	-0.004316
11.370000	-0.003799
11.380000	-0.003284
11.390000	-0.002771
11.400000	-0.002260
11.410000	-0.001751
11.420000	-0.001243
11.430000	-0.000738
11.440000	-0.000235
11.450000	0.000266
11.460000	0.000765
11.470000	0.001262
11.480000	0.001757
11.490000	0.002251
11.500000	0.002742
11.510000	0.003231
11.520000	0.003718
11.530000	0.004203
11.540000	0.004686
11.550000	0.005167
11.560000	0.005646
11.570000	0.006123
11.580000	0.006598
11.590000	0.007071
11.600000	0.007541
11.610000	0.008010
11.620000	0.008477
11.630000	0.008941
11.640000	0.009404
11.650000	0.009864
11.660000	0.010323
11.670000	0.010779
11.680000	0.011233
11.690000	0.011686
11.700000	0.012136
11.710000	0.012584
11.720000	0.013030
11.730000	0.013474
11.740000	0.013915
11.750000	0.014355
11.760000	0.014793
11.770000	0.015228
11.780000	0.015662
11.790000	0.016093
11.800000	0.016522
11.810000	0.016949
11.820000	0.017374
11.830000	0.017797
11.840000	0.018218
11.850000	0.018637
11.860000	0.019053
11.870000	0.019468
11.880000	0.019880
11.890000	0.020290
11.900000	0.020698
11.910000	0.021104
11.920000	0.021508
11.930000	0.021910
11.940000	0.022309
11.950000	0.022707
11.960000	0.023102
11.970000	0.023495
11.980000	0.023887
11.990000	0.024276
12.000000	0.024662
12.010000	0.025047
12.020000	0.025430
12.030000	0.025810
12.040000	0.026189
12.050000	0.026565
12.060000	0.026939
12.070000	0.027311
12.080000	0.027680
12.090000	0.028048
12.100000	0.028414
12.110000	0.028777
12.120000	0.029138
12.130000	0.029497
12.140000	0.029854
12.150000	0.030209
12.160000	0.030562
12.170000	0.030913
12.180000	0.031261
12.190000	0.031607
12.200000	0.031951
12.210000	0.032293
12.220000	0.032633
12.230000	0.032971
12.240000	0.033307
12.250000	0.033640
12.260000	0.033972
12.270000	0.034301
12.280000	0.034628
12.290000	0.034953
12.300000	0.035276
12.310000	0.035596
12.320000	0.035915
12.330000	0.036231
12.340000	0.036546
12.350000	0.036858
12.360000	0.037168
12.370000	0.037476
12.380000	0.037782
12.390000	0.038085
12.400000	0.038387
12.410000	0.038686
12.420000	0.038984
12.430000	0.039279
12.440000	0.039572
12.450000	0.039863
12.460000	0.040152
12.470000	0.040439
12.480000	0.040723
12.490000	0.041006
12.500000	0.041286
12.510000	0.041565
12.520000	0.041841
12.530000	0.042115
12.540000	0.042387
12.550000	0.042657
12.560000	0.042925
12.570000	0.043190
12.580000	0.043454
12.590000	0.043716
12.600000	0.043975
12.610000	0.044232
12.620000	0.044488
12.630000	0.044741
12.640000	0.044992
12.650000	0.045241
12.660000	0.045488
12.670000	0.045733
12.680000	0.045976
12.690000	0.046217
12.700000	0.046455
12.710000	0.046692
12.720000	0.046926
12.730000	0.047159
12.740000	0.047389
12.750000	0.047618
12.760000	0.047844
12.770000	0.048068
12.780000	0.048291
12.790000	0.048511
12.800000	0.048729
12.810000	0.048945
12.820000	0.049159
12.830000	0.049371
12.840000	0.049581
12.850000	0.049789
12.860000	0.049995
12.870000	0.050199
12.880000	0.050401
12.890000	0.050601
12.900000	0.050799
12.910000	0.050995
12.920000	0.051189
12.930000	0.051381
12.940000	0.051571
12.950000	0.051759
12.960000	0.051945
12.970000	0.052129
12.980000	0.052310
12.990000	0.052490
13.000000	0.052668
13.010000	0.052845
13.020000	0.053019
13.030000	0.053191
13.040000	0.053361
13.050000	0.053529
13.060000	0.053695
13.070000	0.053860
13.080000	0.054022
13.090000	0.054182
13.100000	0.054341
13.110000	0.054497
13.120000	0.054652
13.130000	0.054805
13.140000	0.054955
13.150000	0.055104
13.160000	0.055251
13.170000	0.055396
13.180000	0.055539
13.190000	0.055680
13.200000	0.055820
13.210000	0.055957
13.220000	0.056093
13.230000	0.056226
13.240000	0.056358
13.250000	0.056488
13.260000	0.056616
13.270000	0.056742
13.280000	0.056866
13.290000	0.056989
13.300000	0.057109
13.310000	0.057228
13.320000	0.057345
13.330000	0.057460
13.340000	0.057573
13.350000	0.057685
13.360000	0.057794
13.370000	0.057902
13.380000	0.058008
13.390000	0.058112
13.400000	0.058214
13.410000	0.058314
13.420000	0.058413
13.430000	0.058510
13.440000	0.058605
13.450000	0.058698
13.460000	0.058790
13.470000	0.058880
13.480000	0.058968
13.490000	0.059054
13.500000	0.059138
13.510000	0.059221
13.520000	0.059302
13.530000	0.059381
13.540000	0.059459
13.550000	0.059534
13.560000	0.059608
13.570000	0.059681
13.580000	0.059751
13.590000	0.059820
13.600000	0.059887
13.610000	0.059952
13.620000	0.060016
13.630000	0.060078
13.640000	0.060139
13.650000	0.060197
13.660000	0.060254
13.670000	0.060310
13.680000	0.060363
13.690000	0.060415
13.700000	0.060465
13.710000	0.060514
13.720000	0.060561
13.730000	0.060607
13.740000	0.060650
13.750000	0.060692
13.760000	0.060733
13.770000	0.060772
13.780000	0.060809
13.790000	0.060845
13.800000	0.060879
13.810000	0.060911
13.820000	0.060942
13.830000	0.060971
13.840000	0.060999
13.850000	0.061025
13.860000	0.061050
13.870000	0.061073
13.880000	0.061094
13.890000	0.061114
13.900000	0.061132
13.910000	0.061149
13.920000	0.061164
13.930000	0.061178
13.940000	0.061190
13.950000	0.061201
13.960000	0.061210
13.970000	0.061218
13.980000	0.061224
13.990000	0.061229
14.000000	0.061232
14.010000	0.061234
14.020000	0.061234
14.030000	0.061233
14.040000	0.061230
14.050000	0.061226
14.060000	0.061220
14.070000	0.061213
14.080000	0.061205
14.090000	0.061195
14.100000	0.061183
14.110000	0.061171
14.120000	0.061156
14.130000	0.061141
14.140000	0.061124
14.150000	0.061105
14.160000	0.061086
14.170000	0.061064
14.180000	0.061042
14.190000	0.061018
14.200000	0.060993
14.210000	0.060966
14.220000	0.060938
14.230000	0.060908
14.240000	0.060878
14.250000	0.060846
14.260000	0.060812
14.270000	0.060777
14.280000	0.060741
14.290000	0.060704
14.300000	0.060665
14.310000	0.060625
14.320000	0.060584
14.330000	0.060541
14.340000	0.060498
14.350000	0.060453
14.360000	0.060406
14.370000	0.060358
14.380000	0.060310
14.390000	0.060259
14.400000	0.060208
14.410000	0.060155
14.420000	0.060101
14.430000	0.060046
14.440000	0.059990
14.450000	0.059932
14.460000	0.059874
14.470000	0.059814
14.480000	0.059752
14.490000	0.059690
14.500000	0.059626
14.510000	0.059562
14.520000	0.059496
14.530000	0.059429
14.540000	0.059361
14.550000	0.059291
14.560000	0.059221
14.570000	0.059149
14.580000	0.059076
14.590000	0.059002
14.600000	0.058927
14.610000	0.058851
14.620000	0.058774
14.630000	0.058695
14.640000	0.058616
14.650000	0.058535
14.660000	0.058454
14.670000	0.058371
14.680000	0.058287
14.690000	0.058202
14.700000	0.058116
14.710000	0.058029
14.720000	0.057941
14.730000	0.057852
14.740000	0.057762
14.750000	0.057671
14.760000	0.057579
14.770000	0.057486
14.780000	0.057391
14.790000	0.057296
14.800000	0.057200
14.810000	0.057103
14.820000	0.057005
14.830000	0.056906
14.840000	0.056806
14.850000	0.056704
14.860000	0.056602
14.870000	0.056499
14.880000	0.056396
14.890000	0.056291
14.900000	0.056185
14.910000	0.056078
14.920000	0.055971
14.930000	0.055862
14.940000	0.055752
14.950000	0.055642
14.960000	0.055531
14.970000	0.055419
14.980000	0.055306
14.990000	0.055192
15.000000	0.055077
